961708 710570
796952 767868
362037 999348
63958 636454
175819 864771
751678 112213
973409 594670
875569 944933
714376 470402
255873 997978
192999 615151
505893 143884
648848 792567
447499 108643
656033 798011
625569 858110
385682 740375
167292 145676
598913 325998
579590 374724
16665 82234
561130 561978
245460 370130
488885 602661
917176 677381
843509 817177
681707 786542
196084 741623
776125 698191
642677 946861
796728 2873
252549 630600
55209 402995
260717 279345
788724 198737
626771 903203
166914 317685
831308 187651
356552 178588
545851 492024
516786 766985
924945 533647
877866 52551
208442 19482
697877 70307
445069 559336
862857 154070
641030 94693
200576 459210
563727 298364
800802 206810
239980 190113
998014 554812
549899 829936
461377 828327
293486 12865
979987 352798
6618 672231
326789 632554
510287 950520
858163 816734
830054 190411
593177 365265
417045 241532
941455 781329
186281 239343
656805 205369
482557 51264
917726 363829
96408 892885
924807 106841
315875 777530
517347 376228
889634 291619
932584 326357
814245 877445
715739 326766
992840 675783
1815 480246
108476 839039
642469 133523
430625 11198
915976 652405
820808 518620
280325 158922
291854 440821
628365 72010
698738 306690
372371 153123
877438 650873
505330 532704
241487 518730
819982 132273
184928 658634
932059 88815
980436 949663
982921 214749
687031 328051
42513 73856
445209 97723